Cycle 0
 0	0
4	0
8	0
12	0
16	0
20	0
24	0
28	0
Cycle 1
 0	0
4	0
8	0
12	0
16	0
20	0
24	0
28	0
Cycle 2
 0	0
4	0
8	0
12	0
16	0
20	0
24	0
28	0
Cycle 3
 0	0
4	0
8	0
12	0
16	0
20	0
24	0
28	0
Cycle 4
 0	0
4	0
8	0
12	0
16	9
20	0
24	0
28	0
Cycle 5
 0	0
4	0
8	0
12	0
16	9
20	0
24	0
28	0
Cycle 6
 0	0
4	0
8	0
12	0
16	9
20	0
24	0
28	0
Cycle 7
 0	0
4	0
8	0
12	0
16	9
20	0
24	0
28	0
Cycle 8
 0	0
4	0
8	0
12	0
16	9
20	0
24	0
28	0
Cycle 9
 0	0
4	0
8	0
12	0
16	9
20	0
24	0
28	0
Cycle 10
 0	0
4	0
8	0
12	0
16	9
20	0
24	0
28	0
Cycle 11
 0	0
4	0
8	0
12	0
16	9
20	0
24	0
28	0
Cycle 12
 0	0
4	0
8	0
12	0
16	9
20	0
24	0
28	0
Cycle 13
 0	0
4	0
8	0
12	0
16	9
20	0
24	0
28	0
Cycle 14
 0	0
4	0
8	0
12	0
16	9
20	0
24	0
28	0
Cycle 15
 0	0
4	0
8	0
12	0
16	9
20	0
24	0
28	0
Cycle 16
 0	0
4	0
8	0
12	0
16	9
20	0
24	0
28	0
Cycle 17
 0	0
4	0
8	0
12	0
16	9
20	0
24	0
28	0
Cycle 18
 0	0
4	0
8	0
12	0
16	9
20	0
24	0
28	0
Cycle 19
 0	0
4	0
8	0
12	0
16	9
20	0
24	0
28	0
